trunk/MNT_LB3.txt
ncols         339
nrows         235
xllcorner     119850
yllcorner     2.3541e+06
cellsize      75
NODATA_value  -9999
[rows 168 to 209 of 235, columns 0 to 94 of 339]
95 89 84 74 59 46 40 44 60 86 102 116 119 120 119 117 114 113 113 113 115 115 115 118 120 120 118 116 117 120 121 123 124 125 123 121 119 119 122 123 126 127 127 127 127 126 124 125 126 129 128 128 127 123 123 123 126 127 127 127 127 125 124 122 122 123 127 129 130 132 128 124 119 123 127 126 126 126 126 128 128 127 128 128 131 132 133 136 139 141 142 142 141 138 134
90 81 74 66 56 47 44 53 74 97 107 117 121 122 122 120 117 116 116 113 113 112 112 115 117 119 116 114 115 118 120 122 123 126 125 123 120 121 123 124 124 126 126 126 125 125 125 126 127 130 131 131 130 125 122 126 125 126 127 126 128 127 126 124 123 125 128 131 135 135 132 126 120 122 124 126 126 126 127 127 129 129 129 129 133 134 136 138 139 140 141 142 142 140 137
75 66 58 52 45 44 49 67 91 105 110 118 121 122 122 121 119 118 120 115 113 112 109 111 113 117 114 113 114 116 119 121 122 125 126 125 125 125 126 124 125 126 125 125 124 125 126 128 130 132 135 134 133 127 127 124 123 125 127 127 128 128 127 125 125 126 128 131 136 136 134 126 120 121 123 127 127 127 128 129 131 132 132 132 133 133 133 136 137 137 139 140 141 143 141
54 49 50 56 62 72 81 88 101 109 114 119 120 120 120 119 117 118 121 117 115 112 111 109 108 113 113 112 113 115 118 121 122 122 124 124 123 125 126 126 126 126 124 124 124 124 126 130 132 133 135 134 132 130 129 125 124 126 128 129 128 128 127 127 129 130 130 131 136 136 133 125 121 122 124 128 129 130 130 130 132 134 135 134 135 133 130 133 133 134 135 137 139 141 143
46 56 67 75 82 87 93 97 104 111 115 117 116 117 115 113 113 115 118 115 113 110 110 108 105 108 110 109 111 115 117 120 120 120 121 122 122 123 126 126 126 126 124 123 121 122 125 129 134 134 134 133 133 131 128 126 126 127 129 128 128 128 129 129 131 131 132 134 137 136 132 125 125 125 126 129 132 131 131 133 134 137 138 138 136 133 128 128 129 132 133 133 136 140 142
50 60 69 78 86 91 95 100 104 110 114 114 112 112 111 110 108 111 115 113 111 107 106 106 103 102 105 107 107 110 116 119 119 117 117 118 120 122 125 126 126 125 123 120 123 125 126 129 135 136 135 134 134 131 129 127 127 130 129 130 131 131 131 132 133 134 134 137 138 136 132 128 127 127 126 127 130 132 133 135 137 138 139 138 136 132 126 124 126 127 127 130 136 141 143
53 56 60 67 78 88 96 101 105 108 112 111 109 110 110 110 108 107 110 109 108 105 105 102 100 100 101 103 105 109 113 117 117 114 114 114 117 121 124 127 126 124 121 120 121 124 126 130 134 136 136 135 133 133 132 131 132 133 134 134 135 135 135 135 135 136 134 136 138 137 132 128 128 126 125 128 132 135 135 137 138 136 136 134 131 129 125 123 123 123 123 127 133 140 141
57 58 58 57 67 83 98 105 107 109 111 109 108 108 109 109 109 106 105 104 105 104 103 102 99 98 99 101 104 107 110 114 113 112 112 112 117 121 124 125 125 123 121 119 119 122 126 131 134 135 136 135 134 134 133 131 134 134 136 137 139 138 138 137 135 135 135 136 137 135 131 129 128 128 127 129 133 136 136 136 134 132 133 132 130 128 124 122 121 120 120 124 129 136 136
62 74 79 69 62 78 96 102 106 108 110 108 106 106 107 106 108 106 103 99 103 103 103 104 101 98 99 99 102 106 107 110 111 111 112 114 119 122 124 122 123 121 120 119 118 119 126 131 134 137 135 131 132 133 132 132 132 133 136 139 141 139 135 134 131 131 133 134 134 133 132 130 130 130 130 131 134 135 135 134 131 129 129 129 128 127 125 123 122 119 120 123 125 128 129
57 76 80 75 61 74 91 96 100 104 107 105 104 105 107 102 101 101 100 97 101 103 102 103 102 99 101 98 100 104 106 105 110 114 115 117 119 121 123 121 120 119 118 119 119 120 126 132 135 138 138 133 129 129 130 131 131 133 136 138 137 133 126 127 129 132 133 133 133 133 133 133 132 131 132 134 135 134 133 133 127 124 125 126 126 127 126 125 125 123 122 119 118 123 125
52 71 78 71 58 71 82 88 93 98 102 100 99 103 106 104 102 99 99 97 97 100 100 101 101 99 100 99 99 106 107 111 113 115 116 118 118 119 121 119 117 117 118 122 123 127 129 133 137 139 140 133 127 125 128 130 132 135 135 132 127 124 125 128 130 131 132 132 132 133 134 135 136 136 136 137 136 133 132 129 125 122 123 122 124 126 127 128 129 126 122 118 114 119 120
48 65 74 66 58 69 75 82 88 93 97 95 94 101 104 105 103 99 98 96 92 96 97 95 96 96 93 93 96 103 106 111 113 114 115 117 117 118 116 115 115 115 118 124 128 129 131 134 138 138 136 130 124 124 128 137 137 133 129 125 120 123 126 128 130 130 130 130 130 132 133 134 136 138 137 138 136 132 131 129 125 123 121 119 122 124 126 127 128 127 122 118 117 119 116
43 59 74 66 63 72 75 83 89 94 94 92 91 97 102 103 102 99 97 94 90 90 93 93 91 90 90 91 95 102 105 110 112 113 114 117 116 115 114 112 114 114 116 124 127 129 131 134 138 134 130 129 126 128 132 137 138 133 122 117 118 122 124 127 129 129 128 128 130 131 132 134 136 137 136 136 134 132 131 130 126 124 119 115 119 121 123 125 127 125 124 123 121 120 115
39 54 76 71 62 67 72 78 85 91 92 90 89 93 98 100 98 95 94 91 89 91 94 92 88 89 90 91 94 101 105 109 110 112 112 113 111 110 108 109 110 113 118 124 126 128 130 132 137 130 124 126 128 132 136 137 136 131 117 112 117 120 122 127 129 128 127 126 130 131 131 133 135 135 135 134 131 132 132 129 129 128 122 115 117 122 125 126 127 126 126 126 122 120 117
40 52 73 70 62 62 67 77 85 90 91 88 86 89 93 96 96 92 89 86 88 91 92 89 86 89 91 92 93 99 104 108 107 108 109 109 107 104 104 105 109 114 122 126 127 129 130 134 135 126 121 127 130 133 137 136 132 126 114 110 114 117 121 123 123 123 123 122 126 129 130 132 135 134 132 130 128 129 133 132 131 127 122 115 118 124 127 128 128 128 127 126 121 117 113
39 51 73 74 70 66 68 78 87 91 90 85 81 88 92 93 91 89 85 83 86 88 88 84 85 89 91 92 94 97 98 98 99 103 105 106 103 100 102 105 110 116 124 127 130 130 132 134 133 125 120 128 132 134 136 133 127 119 114 110 111 115 118 118 117 117 118 119 122 126 129 132 134 134 132 126 126 127 128 130 129 126 121 116 120 125 128 130 129 130 129 126 122 117 114
42 61 78 77 76 71 71 79 85 86 85 81 79 83 88 88 88 87 83 81 83 84 84 83 85 89 89 89 90 91 91 92 94 97 101 103 100 100 104 108 112 117 126 129 131 132 134 135 132 124 120 127 132 134 133 130 125 122 119 112 108 111 113 113 113 114 117 118 121 124 127 129 131 133 132 127 125 125 126 128 127 124 120 117 118 125 127 130 130 130 128 126 122 118 116
52 71 80 78 76 69 66 74 77 78 78 77 78 81 85 85 85 84 82 79 80 81 80 80 82 84 88 89 91 92 91 94 94 96 100 101 101 102 104 108 115 119 126 131 132 133 136 134 131 123 120 124 129 131 131 129 124 122 120 112 106 108 109 110 112 115 120 120 122 124 126 128 129 131 131 127 125 124 124 124 124 122 117 114 116 123 125 128 128 129 129 127 124 121 118
66 73 77 77 74 69 65 68 69 72 74 76 79 81 84 82 79 79 80 78 77 77 80 83 85 88 91 93 95 98 98 101 101 104 112 109 105 107 108 109 113 116 121 128 131 133 137 134 130 121 120 123 127 130 128 126 122 121 118 111 105 107 109 112 117 120 122 122 122 123 124 125 127 129 129 126 124 121 119 119 122 119 115 110 110 115 118 123 126 129 130 129 127 123 118
76 78 80 81 81 75 68 69 67 68 71 75 78 81 84 78 73 75 75 75 76 81 85 88 90 94 97 97 101 105 107 108 108 109 113 111 108 108 111 111 111 114 116 122 127 132 135 133 129 117 123 124 124 126 124 122 121 118 114 109 105 106 111 114 117 119 122 123 122 121 120 121 125 126 126 123 122 119 115 113 115 113 110 106 105 108 113 120 124 129 130 129 128 126 123
82 85 89 96 98 91 78 73 71 70 71 73 74 74 74 74 75 77 79 81 81 84 88 92 96 99 102 104 107 109 111 112 112 112 114 111 110 113 115 113 112 115 117 121 128 131 131 130 126 112 118 120 121 122 120 118 118 115 110 104 103 109 113 117 117 118 120 121 120 117 117 120 123 124 123 119 117 113 111 107 108 108 105 102 103 106 112 118 122 128 129 128 128 126 126
89 93 100 105 107 104 90 79 76 75 71 70 73 77 77 74 77 81 84 86 86 87 90 96 101 105 108 110 112 113 114 116 113 113 113 112 113 118 119 116 116 119 120 123 129 132 132 128 123 113 111 115 119 119 115 115 117 112 102 97 103 109 114 117 117 117 118 117 116 115 117 120 120 120 120 116 113 110 108 104 104 103 101 99 103 108 112 116 122 127 127 125 126 125 125
100 102 106 107 106 104 98 87 80 79 79 79 82 84 83 80 80 82 86 89 89 88 91 99 105 111 112 116 117 117 117 118 116 115 112 114 116 118 120 121 120 121 123 126 128 129 130 126 121 117 106 110 116 118 117 113 108 103 94 95 103 108 113 115 115 116 114 114 113 113 117 119 119 118 116 112 109 108 107 103 101 99 96 96 101 107 114 118 123 125 124 122 123 123 123
108 107 107 106 104 101 100 94 88 84 85 86 88 88 89 88 85 84 86 88 92 93 93 100 107 114 117 119 120 121 120 120 119 117 116 116 115 116 120 125 122 121 125 126 126 123 125 123 120 117 103 100 109 114 114 109 104 98 85 91 99 106 111 113 114 114 110 107 108 112 115 117 117 115 111 108 105 105 106 103 97 92 91 99 103 108 115 120 123 123 121 118 119 121 122
108 107 108 107 106 103 99 94 89 87 89 90 91 91 93 94 94 92 95 95 97 97 97 104 111 116 119 120 122 121 121 119 115 114 116 115 115 116 118 122 119 117 121 121 119 116 118 113 108 105 96 95 103 111 110 107 103 97 81 85 94 105 110 112 111 111 108 104 107 110 113 115 115 113 109 104 100 100 100 99 94 88 90 99 104 110 115 120 122 122 118 114 116 119 118
102 105 107 107 105 102 98 93 89 88 90 92 93 95 95 98 99 98 100 98 99 99 100 107 113 116 117 118 120 118 116 112 110 111 113 114 114 114 116 118 115 111 112 109 105 102 105 106 102 99 92 92 100 107 108 106 101 98 85 80 90 102 107 109 109 110 107 103 103 106 109 113 116 113 110 103 99 94 93 94 90 83 90 99 105 111 116 120 121 119 116 112 111 115 114
95 101 104 106 103 101 99 94 91 92 94 94 96 95 96 97 99 100 101 100 100 100 102 107 111 115 115 113 113 111 108 106 107 109 111 113 113 113 115 116 113 109 105 103 100 94 97 102 97 94 89 91 99 105 106 105 100 94 85 80 91 100 103 106 107 108 106 102 97 101 104 112 115 114 111 106 102 95 91 88 85 82 89 98 104 111 117 119 119 116 113 109 108 110 109
93 98 101 103 102 100 100 96 94 95 97 95 96 94 94 95 97 98 101 101 101 103 104 106 109 111 108 108 107 104 102 103 106 109 111 111 111 112 114 114 113 111 108 104 101 95 91 95 92 89 85 90 97 103 104 102 99 92 83 81 90 96 99 102 103 103 103 100 94 94 101 107 111 111 110 107 103 97 90 83 80 84 90 98 105 111 114 115 114 113 111 107 103 104 103
92 95 98 101 100 99 100 100 98 97 97 96 95 94 92 91 94 96 99 102 102 104 104 102 104 106 105 103 101 98 99 102 105 108 110 108 110 111 112 113 112 110 107 102 100 95 88 88 86 84 78 86 95 100 99 98 96 88 79 80 87 91 94 96 96 96 95 90 88 94 100 105 107 108 108 105 101 94 88 80 77 85 95 101 105 109 110 111 110 109 107 105 99 98 97
89 92 95 98 97 95 96 98 99 98 98 96 94 92 89 88 93 96 97 99 100 101 103 101 101 102 102 100 98 95 97 101 103 105 106 104 104 108 110 112 111 108 104 99 95 91 88 80 80 81 74 85 93 95 96 96 93 85 74 76 82 84 86 87 86 85 84 83 88 95 100 103 104 105 105 102 96 88 83 77 80 91 99 101 104 106 107 106 104 105 103 102 96 92 91
87 91 93 94 93 92 94 95 97 97 96 95 92 88 86 86 91 95 95 95 96 97 99 98 99 99 99 99 96 91 94 97 99 100 100 99 101 105 108 111 110 107 103 96 89 84 86 82 77 71 70 81 87 90 92 93 90 83 71 71 76 75 78 79 77 75 77 82 89 93 97 98 99 99 99 96 90 84 79 76 86 94 100 100 100 102 102 100 99 101 100 98 92 87 83
90 91 91 91 89 91 92 93 94 93 92 90 89 84 81 84 89 92 92 91 91 91 94 93 94 96 97 97 93 89 90 94 94 94 94 95 98 101 105 108 108 106 104 97 85 75 69 70 68 63 65 72 80 83 86 87 88 82 70 62 66 66 68 68 69 67 71 78 85 88 88 88 88 89 92 90 85 77 73 78 89 94 98 96 96 97 95 93 94 95 95 94 88 81 81
93 92 90 88 87 89 90 90 92 93 90 87 84 79 77 81 86 88 88 86 85 85 87 88 89 91 91 91 88 84 84 88 88 89 90 92 95 99 102 106 106 103 99 91 77 63 59 60 61 58 58 62 70 75 78 81 80 75 66 56 58 58 59 59 61 60 62 69 76 79 80 79 79 82 83 84 79 72 73 82 89 92 94 93 91 92 89 87 89 89 88 90 87 79 81
94 93 90 87 85 86 89 90 92 91 90 87 82 77 74 77 82 84 85 84 81 77 80 85 87 88 88 87 83 80 79 82 82 85 88 91 96 99 103 103 102 101 96 90 76 59 57 57 58 57 54 55 59 64 70 75 75 69 59 53 55 54 55 54 54 54 54 59 63 67 72 72 73 75 74 75 72 69 76 85 87 89 88 88 87 87 85 82 82 82 82 84 85 77 78
94 94 92 86 84 88 89 91 92 90 89 87 83 78 74 74 78 81 83 80 76 74 77 82 84 84 83 81 78 77 76 79 80 84 87 91 94 97 100 100 99 99 94 90 80 63 57 58 60 61 61 56 54 56 62 66 67 62 54 55 57 56 58 58 56 53 51 53 55 58 63 65 65 66 66 65 66 69 75 83 85 87 87 86 84 83 81 77 75 74 74 77 79 75 73
92 93 91 84 81 86 88 90 90 89 89 87 84 80 76 72 75 79 77 73 72 73 77 79 80 79 76 73 74 72 75 79 81 84 86 89 91 95 98 100 100 99 96 90 84 72 59 57 65 71 70 64 59 55 55 57 58 56 58 63 67 68 69 73 70 67 64 61 56 53 56 58 56 57 57 55 61 72 77 83 83 85 86 84 83 81 77 75 68 66 65 71 72 70 73
91 92 91 83 78 82 84 86 86 88 91 87 82 78 76 72 70 70 71 69 69 72 76 77 75 74 71 68 72 75 77 79 79 82 86 88 91 96 99 103 104 104 103 100 91 88 79 67 62 71 76 78 73 64 57 54 56 62 68 74 78 79 81 83 83 80 77 73 66 59 57 56 52 53 56 57 58 69 75 79 79 81 84 84 83 80 76 70 63 64 63 67 68 68 74
89 90 88 81 76 78 80 83 85 89 92 91 87 82 79 78 72 68 68 66 67 69 73 74 71 68 67 66 70 74 76 78 80 82 85 89 95 100 105 110 115 122 118 115 111 107 102 84 67 66 75 88 91 88 80 75 79 81 85 87 90 92 93 94 94 92 87 82 83 80 72 71 73 66 59 57 56 63 67 70 74 80 84 84 84 79 75 68 65 68 71 71 68 68 75
86 86 83 76 76 76 77 83 90 91 91 89 87 83 81 81 77 73 70 64 65 68 68 68 66 65 69 71 76 79 77 78 82 84 86 92 102 108 115 121 124 127 127 126 122 118 117 105 83 65 62 76 99 114 112 108 108 110 108 106 107 107 108 109 107 105 101 97 97 100 100 97 95 87 75 70 64 63 61 61 70 85 90 90 88 80 78 71 68 75 81 79 74 73 74
81 80 76 72 81 82 81 86 90 92 91 87 86 83 80 79 78 77 73 67 64 65 66 68 73 73 75 80 84 86 84 83 85 91 92 95 105 114 124 131 133 132 132 130 125 122 123 124 110 85 67 61 83 113 125 125 125 127 124 122 123 122 125 125 125 124 116 116 111 114 119 121 117 110 97 91 82 74 64 59 69 89 99 92 82 74 74 72 74 85 92 92 92 85 71
74 73 68 71 81 84 83 86 87 90 90 87 84 82 78 77 76 74 73 69 60 64 70 74 79 83 83 87 90 91 95 97 98 98 96 97 109 121 128 133 136 135 134 131 126 123 122 122 118 105 79 60 74 109 124 127 130 130 130 125 122 123 124 125 126 125 122 121 116 119 128 133 132 127 117 105 96 88 80 67 63 84 95 82 71 70 73 78 86 100 108 116 116 110 96
67 65 63 70 78 83 84 85 84 86 89 87 84 82 76 75 74 71 70 67 58 64 74 79 83 87 92 92 95 97 101 102 102 104 106 108 114 125 127 130 132 133 131 127 120 117 118 118 116 111 89 65 69 102 117 121 127 127 125 122 122 123 122 126 126 125 122 121 116 120 128 130 129 126 123 121 115 105 98 79 65 75 85 71 67 78 83 95 107 117 122 123 122 118 111
