trunk/MNT_LB3.txt
ncols         339
nrows         235
xllcorner     119850
yllcorner     2.3541e+06
cellsize      75
NODATA_value  -9999
[rows 84 to 125 of 235, columns 95 to 189 of 339]
156 156 157 157 159 160 159 160 161 158 157 155 155 155 152 152 151 151 150 148 148 147 148 147 146 143 141 138 141 141 142 143 143 143 145 152 157 161 168 176 179 182 185 186 189 189 189 189 188 186 185 187 188 185 182 178 172 167 159 160 167 170 171 168 167 166 168 166 167 169 172 175 179 181 182 182 176 172 183 189 196 200 201 200 199 201 202 204 200 208 211 211 213 214 214
154 156 158 159 160 159 157 156 158 151 154 153 152 150 149 147 146 148 146 143 145 146 145 143 141 139 137 136 138 138 139 140 141 144 147 153 161 166 173 179 184 186 188 188 187 188 187 187 187 186 186 187 187 184 177 169 162 158 155 159 165 169 170 167 166 164 165 164 165 168 175 179 179 180 177 175 172 170 182 189 194 198 201 202 203 204 206 210 210 214 216 217 216 216 216
153 156 159 160 159 158 157 155 153 153 151 150 150 148 147 143 143 146 143 143 143 144 143 142 139 139 136 136 136 137 137 139 140 145 150 158 164 168 176 181 183 183 184 184 184 185 183 184 184 183 184 185 183 173 167 162 158 154 153 157 163 167 170 169 166 164 162 161 165 168 172 176 175 174 169 167 168 170 180 187 191 194 198 204 206 206 210 213 215 217 220 221 219 217 215
153 156 156 160 158 158 158 157 154 154 152 151 149 147 145 144 143 144 142 140 140 141 141 139 138 138 136 136 135 136 135 139 143 145 152 162 169 172 177 179 180 180 179 179 181 182 181 182 179 177 177 175 172 167 163 160 157 154 153 154 159 166 170 170 169 165 161 159 162 165 167 169 169 164 161 160 165 171 177 184 188 190 193 200 204 207 212 215 219 221 223 224 222 219 215
156 160 160 160 159 159 158 157 155 154 153 152 149 146 143 143 143 142 143 140 139 139 140 138 137 137 137 135 134 136 136 139 144 151 158 167 172 174 177 176 175 174 172 174 176 178 178 177 174 172 171 168 166 164 162 160 158 157 155 151 154 164 172 173 169 165 161 158 157 159 160 161 161 156 157 160 164 170 174 179 186 188 194 199 204 208 212 219 223 226 228 227 225 221 215
157 160 159 161 160 160 159 156 156 154 154 150 150 148 145 143 144 144 142 140 140 140 139 138 138 137 138 135 135 137 137 139 147 155 161 167 170 173 174 172 168 167 164 169 171 171 170 170 170 171 168 168 167 165 163 163 162 163 159 154 151 159 165 169 167 164 159 155 152 153 153 154 155 156 160 162 163 170 178 182 187 191 197 202 208 212 216 223 228 232 235 231 230 224 217
158 159 159 160 161 161 160 156 155 154 154 153 151 148 148 145 145 145 142 140 142 142 138 138 139 138 140 140 142 142 140 137 146 154 158 163 167 169 169 166 160 158 161 164 164 166 167 167 170 171 170 170 171 170 168 169 168 170 169 162 153 153 160 163 163 161 156 151 148 149 148 153 157 159 161 167 171 176 183 186 191 196 202 208 215 221 225 231 235 236 236 233 230 225 218
157 157 158 159 160 160 161 157 158 157 157 156 152 151 150 147 145 144 144 142 144 144 142 142 142 140 141 141 142 141 138 135 141 148 155 160 166 165 165 161 159 163 163 161 161 164 167 167 171 172 172 171 173 173 172 173 173 175 172 165 156 150 154 155 157 158 154 149 145 148 152 157 160 164 165 171 176 180 185 190 196 202 209 217 222 226 228 232 233 234 233 232 228 223 216
155 153 157 158 159 158 158 157 157 158 157 157 151 152 149 147 145 144 146 146 149 148 145 143 144 143 142 141 140 138 135 134 139 146 156 160 163 161 158 157 161 166 163 161 160 165 166 167 170 173 176 174 176 175 174 176 177 177 172 165 157 149 147 148 152 153 150 146 145 148 155 159 163 165 168 171 177 181 185 190 199 205 212 219 224 226 227 229 229 230 228 227 224 219 210
151 154 156 157 156 156 156 156 156 157 157 155 150 149 147 147 147 149 150 151 151 150 148 146 145 144 143 144 143 141 136 135 143 151 156 156 157 154 153 158 164 167 164 162 161 164 166 167 169 172 173 174 176 176 176 178 178 176 170 163 155 150 147 146 148 147 146 144 146 150 155 160 162 164 167 169 175 180 185 194 201 209 217 222 225 225 225 225 224 224 222 220 216 213 205
154 158 158 159 158 155 155 155 156 155 155 153 152 150 149 152 150 150 152 152 152 151 150 149 147 146 149 153 150 149 146 140 143 147 148 147 149 148 151 161 168 170 167 165 164 165 166 167 169 169 171 173 173 174 176 177 175 173 167 160 156 151 149 145 146 144 143 143 147 151 154 158 160 162 165 169 173 179 188 197 204 211 219 225 225 223 221 218 216 215 214 213 213 207 199
158 160 161 162 161 155 154 153 154 153 151 152 152 153 151 152 151 151 152 153 153 152 151 150 151 152 152 153 152 148 143 137 136 141 140 142 144 147 153 164 174 174 171 167 162 162 163 164 164 165 167 168 169 171 172 172 169 169 163 159 155 151 149 146 145 142 142 143 147 150 153 154 157 161 165 170 175 183 191 199 207 212 218 225 224 219 215 211 209 210 208 207 206 200 192
161 162 163 163 160 155 153 152 153 152 151 150 151 152 150 150 152 152 152 154 154 154 154 154 152 153 155 156 153 147 142 134 131 137 140 146 149 149 159 167 172 171 169 165 161 160 160 160 158 160 161 162 165 167 168 168 165 164 160 155 152 149 147 144 143 141 143 145 148 150 152 153 156 161 166 170 177 185 193 200 208 213 215 220 217 213 209 205 202 203 202 201 198 192 186
161 161 161 160 157 155 152 151 151 150 151 149 149 150 150 150 153 153 153 153 154 154 155 157 158 162 165 164 161 155 147 136 131 138 149 155 156 159 162 166 169 167 166 163 159 158 158 156 153 154 157 158 161 163 165 164 161 158 155 150 148 145 142 139 139 142 147 149 150 151 154 156 159 163 167 172 178 186 193 200 205 211 214 214 212 208 204 199 196 196 196 195 190 185 179
161 158 155 152 152 151 149 148 147 149 150 149 149 149 151 150 153 156 156 156 157 159 161 163 164 170 174 173 172 170 156 143 133 138 150 155 156 160 162 164 165 164 163 160 158 155 152 149 148 150 153 154 157 159 159 158 156 152 149 146 143 139 138 137 139 141 148 154 155 155 156 160 163 165 170 174 180 186 192 198 203 208 213 213 210 206 199 193 190 188 189 190 182 178 174
158 155 152 149 148 148 148 147 147 150 149 149 148 150 152 153 157 162 160 160 161 164 167 167 168 171 174 175 174 169 159 146 133 137 147 152 153 155 159 161 162 162 159 157 154 152 150 145 144 145 149 151 153 153 152 152 152 149 147 142 138 136 137 139 141 147 153 159 160 159 159 166 168 170 173 176 179 184 189 194 200 205 210 211 208 203 196 189 184 179 179 180 178 176 172
151 150 148 147 147 147 148 150 151 151 150 150 151 152 154 157 160 164 164 164 165 167 168 168 168 170 170 169 165 159 154 145 131 135 143 147 149 149 154 158 161 161 159 158 156 153 149 143 140 141 144 146 148 147 148 148 147 144 140 138 136 136 137 139 145 157 160 165 164 163 165 168 170 172 174 177 179 183 186 190 196 201 206 207 204 199 194 187 179 173 173 173 173 173 171
146 147 146 147 147 147 149 152 150 150 149 153 154 153 156 159 161 164 165 166 167 167 165 165 165 165 162 160 155 151 146 138 128 132 138 142 144 146 153 157 161 162 159 157 155 151 148 141 138 138 139 139 142 144 146 146 143 139 136 135 135 136 138 142 152 166 169 170 170 168 169 170 170 171 174 175 177 180 183 186 191 196 201 201 198 194 190 182 173 169 167 166 168 170 171
146 148 146 146 146 148 148 149 151 150 152 156 157 156 157 158 161 164 164 165 164 163 162 162 161 159 156 152 147 144 139 131 127 129 134 138 140 144 151 156 162 161 158 156 152 148 146 139 135 136 135 134 136 139 141 141 138 134 133 132 135 138 141 149 160 170 171 171 172 170 169 169 168 169 171 172 173 176 180 182 186 190 191 193 190 186 182 174 169 166 163 162 163 165 167
147 150 148 145 147 147 150 151 152 154 156 159 160 160 158 159 160 160 162 162 162 161 160 159 157 154 151 147 144 140 135 131 127 127 133 140 144 146 150 155 158 157 155 152 148 147 145 140 135 133 131 131 132 134 135 134 133 131 131 132 136 140 146 158 168 170 171 171 171 169 169 168 167 166 167 169 170 173 177 177 181 185 186 185 182 178 174 168 165 162 160 159 160 162 163
148 148 149 148 151 152 154 156 156 160 160 162 162 161 157 156 156 157 158 159 160 159 158 157 153 152 149 145 142 139 137 134 130 129 134 141 143 144 148 152 153 153 151 149 145 144 143 138 132 129 128 128 128 129 130 130 130 131 133 137 140 148 155 162 168 170 171 171 170 169 168 166 165 165 165 164 167 171 171 174 177 179 180 180 177 173 168 164 161 158 156 156 156 159 159
147 148 152 154 156 158 159 162 161 164 165 165 163 161 156 154 154 153 155 157 158 158 157 156 152 151 149 148 145 143 140 137 131 129 133 136 138 141 144 148 149 149 148 146 145 142 139 134 128 125 125 126 126 127 128 130 130 134 137 145 147 154 161 165 167 170 171 171 170 168 165 164 165 164 166 167 168 168 168 170 172 174 175 176 174 169 165 159 158 156 152 152 152 153 155
148 150 155 159 160 160 163 164 163 166 164 162 159 156 153 152 151 151 153 155 156 156 156 157 155 155 152 150 147 143 138 134 128 128 129 130 135 138 141 145 145 146 144 142 140 138 133 128 125 122 124 126 130 132 135 136 141 144 147 153 156 159 165 167 169 170 171 170 170 166 163 162 163 164 166 168 166 165 165 167 169 170 172 172 170 166 161 159 157 153 150 149 150 148 151
150 153 157 159 161 163 163 164 163 165 163 159 157 152 151 150 149 150 152 153 154 156 155 156 155 153 150 147 145 139 133 127 125 125 127 128 130 135 139 143 144 145 142 140 136 133 129 122 122 120 124 132 136 143 145 147 149 152 155 159 162 164 167 169 170 170 171 170 169 164 161 160 161 162 165 166 164 162 164 165 167 167 170 169 168 165 162 160 160 156 152 150 149 147 146
153 155 156 157 159 160 161 162 162 161 159 156 155 150 148 147 148 150 148 151 153 153 153 152 152 149 146 142 139 132 127 123 124 126 127 129 131 135 140 143 144 144 142 139 135 131 126 121 120 123 131 137 142 149 151 153 154 156 160 162 164 166 168 169 168 168 170 171 169 164 161 160 159 160 162 163 163 160 163 165 166 167 170 171 169 167 165 164 164 160 157 156 153 150 148
157 158 158 158 158 157 158 159 159 157 156 154 151 147 145 144 145 145 147 149 150 151 150 149 147 145 141 137 132 125 124 123 124 126 130 131 132 137 141 144 143 143 143 138 133 129 124 121 119 125 134 139 145 152 153 155 157 158 160 162 165 165 166 166 165 166 168 168 167 163 161 159 158 159 159 160 160 161 162 167 168 170 173 175 172 170 169 169 168 166 166 167 165 165 163
158 158 159 159 157 156 156 156 155 154 152 150 148 143 142 142 143 143 144 146 147 148 148 146 144 140 136 133 129 125 123 121 123 128 133 134 135 138 141 144 142 142 142 139 136 130 120 117 119 128 137 142 148 153 153 154 158 158 159 160 162 163 162 162 162 163 163 164 165 162 160 157 155 156 157 159 159 163 164 167 169 173 176 177 175 172 172 174 175 175 175 175 172 172 169
158 158 159 159 157 155 154 154 153 153 153 149 145 141 140 140 140 141 142 144 145 145 146 145 141 139 135 132 129 125 123 120 122 128 134 136 138 138 142 144 144 144 143 140 136 129 117 115 121 131 138 146 149 152 152 154 155 154 155 157 159 159 158 157 158 158 158 161 162 160 158 157 155 158 160 161 161 165 166 169 171 174 176 177 176 175 174 177 180 181 180 180 177 175 170
158 159 159 157 156 155 151 152 153 153 153 148 144 141 140 138 138 138 141 142 143 141 142 141 139 137 133 130 127 125 122 119 122 128 134 138 140 139 141 142 144 144 142 139 134 126 116 114 124 133 139 145 148 150 150 151 149 150 152 153 154 155 154 152 152 154 156 159 160 158 156 157 158 161 164 166 166 168 171 175 175 175 177 179 177 175 175 178 182 181 178 177 176 174 167
159 158 160 158 156 154 152 150 149 151 150 147 143 140 139 138 139 140 141 142 140 141 140 140 137 135 132 129 126 124 121 119 123 129 134 137 140 139 142 141 140 142 140 137 133 123 114 115 125 132 138 142 144 146 146 145 144 147 149 150 148 149 149 148 147 151 156 157 157 156 155 158 161 165 167 170 172 174 176 177 176 177 178 177 175 174 174 177 179 178 174 171 170 168 160
161 160 159 159 157 155 151 148 147 148 146 144 141 138 136 135 139 140 141 143 142 141 140 140 136 133 131 129 127 123 120 123 127 132 135 138 139 138 140 139 136 139 138 135 132 118 112 119 125 130 134 138 140 140 140 138 139 143 145 147 145 143 144 145 143 150 155 157 156 154 154 158 163 166 169 171 173 173 173 175 175 176 177 176 175 173 173 174 175 176 172 168 166 167 163
160 161 159 157 155 154 150 146 146 145 144 142 138 135 134 134 136 139 141 144 143 143 141 140 137 134 131 130 128 123 120 120 126 132 137 139 138 137 137 135 133 133 135 133 127 116 110 116 123 126 130 133 134 133 133 133 135 138 140 141 141 140 140 143 147 153 156 157 156 153 154 158 163 165 166 167 167 168 169 171 174 177 177 177 178 175 174 174 174 179 180 178 176 175 171
156 158 156 154 151 149 147 146 143 142 140 139 136 133 132 132 133 137 141 144 144 144 143 140 137 134 132 132 128 122 120 121 126 132 137 139 137 136 136 133 131 129 130 129 124 115 109 111 119 123 126 128 128 127 127 128 132 133 134 135 137 140 142 146 153 157 157 157 155 154 153 156 159 161 162 163 165 167 171 172 176 180 181 181 184 182 178 177 179 185 189 189 186 182 177
152 153 152 149 147 145 144 142 141 139 137 135 134 132 131 129 132 137 141 143 143 143 143 139 137 134 132 129 124 119 120 124 128 131 134 138 136 135 137 134 129 125 124 125 120 114 108 108 115 119 121 121 122 122 122 123 126 129 132 136 139 144 147 152 156 158 157 156 152 154 154 155 157 158 161 163 166 170 176 178 182 186 187 187 187 185 184 182 181 187 193 194 191 187 181
149 149 148 147 144 143 142 141 138 137 136 133 131 130 130 129 131 140 139 142 141 140 141 138 137 132 128 124 117 116 120 127 129 131 133 137 139 136 135 130 126 122 118 119 115 110 106 106 110 115 116 118 119 119 120 122 127 131 136 140 144 149 151 152 156 157 155 152 151 154 155 157 159 162 165 167 171 174 180 182 184 187 187 189 188 187 187 185 183 189 193 194 193 190 185
146 145 145 144 144 143 142 140 137 136 136 133 130 127 128 128 128 133 134 136 136 136 138 136 134 131 125 117 113 119 124 126 127 130 134 136 136 135 133 129 123 119 113 112 109 105 105 105 108 111 112 114 117 121 124 126 133 136 140 143 146 149 147 151 155 156 155 150 154 157 159 162 166 169 173 173 174 177 180 183 184 187 187 188 187 187 189 187 185 189 191 194 194 193 188
143 143 143 141 143 142 141 139 137 136 136 134 132 129 127 126 126 129 128 129 131 132 135 134 132 133 127 113 116 119 122 124 125 128 131 133 132 132 132 128 121 114 110 107 106 103 103 104 108 112 115 117 121 126 130 132 135 136 136 137 138 142 148 154 158 158 157 152 157 162 164 168 172 174 176 175 176 177 179 182 183 184 186 187 186 187 189 188 185 185 188 192 194 195 191
141 140 141 141 142 140 140 140 136 135 135 135 134 131 130 129 126 123 124 124 127 129 132 131 129 130 120 108 114 117 119 120 123 125 127 129 128 129 128 126 121 112 108 107 105 102 102 104 108 115 120 123 127 131 133 133 132 131 132 135 137 143 151 158 162 162 161 155 158 164 168 170 173 174 175 176 175 177 178 180 182 182 185 185 186 187 188 189 189 190 190 191 194 196 194
138 139 139 142 143 141 141 141 139 139 140 137 136 135 133 131 127 120 121 121 124 127 129 128 124 125 117 106 111 114 115 117 119 121 124 125 126 127 125 122 117 110 107 105 105 102 102 104 109 116 123 125 128 129 132 131 129 129 132 138 142 148 155 161 164 164 164 156 157 164 169 169 170 171 173 176 175 176 176 178 179 181 183 184 185 185 187 190 193 197 197 197 198 199 197
136 138 140 141 141 140 140 140 140 140 142 140 137 135 134 132 127 123 121 121 120 124 125 123 120 120 111 105 109 111 113 115 115 118 123 124 124 125 122 118 114 109 106 105 104 101 102 103 110 117 121 123 124 125 128 128 126 130 137 144 149 154 160 164 164 164 159 155 159 167 167 170 170 171 173 178 177 175 176 177 177 180 182 184 183 184 188 192 196 201 203 204 204 204 202
136 138 139 139 139 139 140 140 140 140 141 140 136 133 134 130 126 123 121 118 113 119 119 119 117 114 106 104 106 108 110 113 116 120 124 124 124 123 120 114 111 108 106 106 103 100 101 102 106 113 117 118 116 118 121 121 124 132 143 149 155 160 161 160 161 159 155 155 162 171 173 176 175 175 179 181 180 180 180 177 180 181 182 183 183 185 189 192 195 201 202 205 206 203 198
135 136 136 136 138 138 139 139 139 140 139 138 135 132 131 126 121 120 117 113 111 113 115 116 115 107 103 102 104 107 111 114 121 124 127 126 124 122 119 113 110 108 105 103 101 101 101 102 105 109 111 113 112 114 116 117 124 134 143 148 156 159 159 157 155 153 153 160 168 176 183 184 183 182 186 184 183 182 183 180 181 183 181 182 182 185 187 190 192 195 199 201 203 199 193
