trunk/MNT_LB3.txt
ncols         339
nrows         235
xllcorner     119850
yllcorner     2.3541e+06
cellsize      75
NODATA_value  -9999
[rows 0 to 41 of 235, columns 190 to 284 of 339]
70 69 65 61 44 30 31 35 43 49 54 58 61 62 61 59 57 53 53 48 43 38 34 33 32 31 31 32 35 38 41 43 43 45 39 32 32 36 38 43 46 49 52 56 57 59 62 64 63 64 67 66 64 57 55 56 66 73 79 86 90 93 95 100 103 104 106 106 107 107 108 109 113 115 118 122 123 127 129 131 134 134 133 132 129 128 127 125 123 124 127 128 130 130 130
78 77 72 67 46 32 30 34 39 45 52 57 57 59 58 56 55 51 47 43 37 32 30 31 32 31 33 35 35 39 42 45 47 56 51 38 32 35 35 38 42 48 53 57 59 60 65 66 66 65 67 65 63 59 63 68 75 79 84 88 92 95 98 101 105 105 106 106 106 105 106 106 109 111 111 115 120 126 129 131 133 134 133 131 128 127 125 123 123 124 125 129 130 129 129
84 82 75 69 50 33 29 29 34 41 46 51 53 56 55 54 53 50 42 37 32 31 32 32 31 33 35 35 35 38 42 46 53 65 66 49 34 34 32 32 37 44 50 56 59 60 65 66 67 68 67 66 63 61 65 73 79 82 85 89 93 96 98 101 104 105 104 104 103 101 100 98 100 102 106 110 117 125 129 131 133 133 132 129 125 123 121 119 121 123 125 127 128 126 126
86 83 76 69 55 35 30 29 32 36 41 45 49 51 51 51 51 47 39 32 31 32 32 31 31 33 34 33 35 38 41 47 58 68 70 62 43 35 31 32 35 39 45 53 57 60 63 65 67 69 69 68 66 67 68 73 78 83 85 88 92 94 96 99 102 103 102 100 96 93 91 88 93 98 104 110 116 122 127 130 134 133 132 128 125 122 119 116 118 121 124 125 124 122 121
89 84 78 69 56 35 29 30 32 33 37 40 45 45 46 47 49 42 33 30 31 31 30 30 33 34 33 33 36 39 43 49 57 67 73 72 58 42 34 34 34 35 39 47 54 58 61 62 66 70 69 70 69 70 71 74 78 83 85 86 88 90 93 96 97 100 100 98 92 87 82 82 89 96 103 110 116 120 125 128 132 132 130 128 125 122 119 116 115 119 122 123 121 119 116
86 83 76 70 59 36 29 31 32 32 34 36 39 40 41 41 42 36 30 29 30 31 32 32 35 36 35 37 38 40 46 52 56 65 73 75 69 55 42 36 34 33 33 40 47 52 58 61 65 66 69 70 71 73 74 77 79 82 85 85 83 84 87 91 94 98 99 95 87 82 77 79 86 94 102 106 114 119 123 126 127 126 126 125 125 122 119 116 112 117 118 120 119 114 108
86 84 76 72 62 40 33 31 32 31 33 33 33 34 35 36 35 33 31 29 30 32 35 35 37 39 40 42 45 50 50 55 58 63 70 74 74 67 51 40 36 32 33 36 36 45 52 58 62 64 68 70 72 74 76 78 78 80 81 82 81 80 82 87 92 96 97 92 84 77 75 79 86 89 97 103 109 114 119 121 122 122 122 123 123 120 117 113 110 116 118 117 116 111 105
87 84 77 73 61 49 40 32 31 30 31 32 30 30 31 32 32 32 32 29 31 32 35 33 41 49 60 63 65 61 57 62 62 63 66 72 74 71 62 44 41 36 33 32 32 38 42 49 55 61 66 69 71 74 76 77 78 78 80 79 76 77 79 84 89 94 96 91 83 74 72 78 82 86 93 99 104 110 114 115 117 117 118 119 121 119 116 110 107 112 114 114 114 110 106
87 81 73 66 52 53 52 43 34 32 31 31 30 30 30 31 32 31 31 32 34 35 40 47 60 67 74 78 79 71 67 72 70 65 68 71 72 70 64 58 58 49 37 33 33 34 34 38 46 56 62 68 71 72 73 74 76 77 78 75 69 72 77 81 86 93 95 91 80 70 68 72 77 82 89 94 99 107 109 111 112 111 110 113 117 115 110 105 102 107 110 112 112 109 105
85 79 70 56 55 57 57 53 47 43 36 33 32 32 33 32 32 33 32 35 37 40 50 64 74 78 83 87 89 81 79 85 84 73 73 75 76 74 70 68 71 68 54 44 37 33 34 34 37 41 52 58 63 68 68 70 74 76 76 71 64 66 74 75 83 90 94 91 80 70 66 66 71 77 84 89 96 102 105 106 106 106 104 106 110 109 106 102 97 100 105 108 108 107 101
79 73 66 56 60 63 62 59 57 53 43 35 34 32 32 35 37 38 40 48 48 46 56 70 78 81 87 95 98 94 91 97 96 83 80 80 80 77 74 73 78 85 81 64 46 33 33 31 35 37 40 45 52 59 61 66 73 75 73 68 62 65 70 75 82 88 91 88 79 69 63 63 68 74 79 86 93 97 101 103 103 102 100 99 101 101 101 98 92 91 98 100 100 101 96
74 68 65 60 65 68 65 61 58 52 42 36 41 42 44 46 49 55 61 65 60 57 62 68 74 81 88 98 102 101 103 108 107 94 87 86 86 81 75 76 82 87 90 84 73 60 48 38 38 37 35 37 42 47 51 59 69 70 68 62 57 60 66 74 81 85 86 82 76 66 61 66 70 75 78 84 91 95 98 100 101 99 95 92 93 95 95 92 91 84 82 81 82 82 82
73 67 66 66 70 72 68 63 61 50 37 37 48 57 66 71 74 81 85 81 71 72 78 73 73 81 90 100 107 108 111 116 113 102 92 93 92 87 81 81 86 89 89 85 81 72 57 47 44 43 37 36 34 36 40 43 51 60 61 55 51 57 64 70 77 80 79 75 71 64 62 68 72 76 80 85 90 94 97 97 99 96 91 87 90 90 86 86 86 83 79 73 71 73 76
75 68 68 72 76 77 71 65 60 48 39 46 60 70 84 97 102 107 103 90 79 78 81 78 77 82 90 101 109 112 116 120 116 105 96 94 92 91 88 87 88 88 88 85 82 74 62 54 53 53 42 38 35 34 36 36 40 46 48 46 46 52 60 65 70 73 72 67 62 59 62 68 71 75 79 85 89 92 95 94 96 93 90 83 84 82 80 79 80 79 73 67 69 74 79
78 72 73 79 82 81 75 66 56 47 47 59 73 81 95 109 116 116 108 94 83 83 87 85 84 87 91 102 110 115 120 124 119 110 103 98 98 96 92 89 88 87 87 85 82 72 63 54 61 62 58 53 46 40 38 35 36 37 38 40 41 45 52 60 64 65 66 63 57 56 61 67 70 73 76 81 86 89 93 93 94 91 88 83 79 76 73 71 71 70 65 62 72 78 82
80 74 77 83 90 94 86 70 54 49 58 73 83 94 109 115 123 123 114 100 90 92 97 96 95 94 95 102 111 116 122 125 122 114 107 103 102 98 94 89 86 83 83 83 79 71 62 58 66 67 65 63 57 46 42 42 39 36 37 36 37 36 44 51 54 58 60 58 52 56 61 65 68 71 73 76 82 87 90 91 91 87 84 82 78 75 70 66 62 60 58 59 68 74 79
81 80 82 89 98 103 95 75 56 52 64 81 92 106 116 124 127 127 118 105 100 104 108 110 106 103 103 108 112 118 122 127 125 119 112 107 103 98 93 88 84 80 77 77 75 68 61 65 70 70 71 69 65 48 48 53 48 41 39 31 32 34 37 40 46 51 55 55 49 57 60 63 65 67 72 75 81 88 90 90 90 88 85 83 80 77 71 66 58 55 57 62 66 70 75
87 89 91 98 105 104 94 76 57 56 66 81 93 106 118 126 127 128 123 113 112 116 118 119 118 114 110 113 116 121 125 128 128 122 115 108 103 96 90 85 81 78 79 78 75 70 67 70 73 74 74 72 70 48 54 64 60 56 50 36 34 34 34 35 40 44 49 51 47 55 58 62 62 63 69 74 80 86 89 90 91 90 88 85 83 79 75 70 63 55 55 60 62 68 72
102 103 103 106 110 106 96 79 60 56 68 81 91 103 116 122 125 127 127 124 121 123 126 127 126 123 119 119 121 124 127 129 129 122 117 108 104 99 96 94 89 86 86 84 80 76 74 75 76 77 75 73 70 49 62 67 66 62 60 51 41 35 33 34 36 37 40 42 44 48 51 53 55 61 68 73 79 83 88 91 92 92 89 87 83 79 76 71 63 56 54 57 60 67 72
122 118 115 113 114 111 99 82 63 56 69 81 91 101 111 118 122 125 125 125 126 127 128 132 132 130 126 123 124 127 129 130 129 123 118 111 107 105 103 102 99 96 95 92 87 82 80 79 79 75 72 71 63 52 67 71 71 68 68 63 52 41 35 34 35 37 38 37 37 40 43 43 49 58 66 71 76 81 86 91 94 91 91 88 82 78 76 70 64 56 53 56 61 67 72
130 127 124 120 119 114 102 83 64 58 71 83 94 101 109 115 120 121 123 126 130 131 132 135 137 135 130 126 126 127 129 130 130 122 118 114 112 109 109 109 108 105 103 99 93 87 84 81 78 74 71 67 55 59 71 75 75 75 74 69 66 61 50 42 38 37 35 35 35 36 37 37 43 52 60 67 70 77 83 88 90 89 89 86 81 77 75 68 61 56 53 57 61 65 70
135 133 131 128 122 114 101 79 64 62 75 89 100 106 110 114 117 119 123 127 131 134 136 137 140 137 131 127 123 124 125 126 126 121 119 116 116 114 116 115 115 111 107 105 96 90 85 81 77 73 68 61 57 67 76 78 78 78 75 73 69 65 56 44 39 37 35 34 34 34 34 36 35 40 49 60 66 71 76 79 82 85 85 83 80 76 73 66 56 52 49 54 59 64 70
141 139 137 134 124 113 98 74 63 63 78 95 105 109 111 111 114 118 123 127 131 135 138 140 140 137 132 128 124 122 120 119 119 118 115 114 116 117 121 120 118 114 108 104 96 89 85 80 73 68 64 59 66 73 78 79 80 81 79 76 72 66 57 44 40 38 36 34 34 35 34 34 32 33 41 49 59 65 70 73 76 80 80 79 77 72 70 63 57 53 49 52 57 63 70
149 144 143 138 126 112 95 77 61 64 79 95 107 111 109 108 112 119 122 126 132 136 140 142 140 136 133 128 124 118 115 113 112 111 107 107 109 113 117 119 117 115 107 102 97 89 84 77 68 62 62 68 70 74 78 81 81 80 79 77 70 64 54 43 43 45 40 36 36 37 35 34 33 35 39 40 49 57 63 69 72 75 75 74 72 68 64 58 52 48 49 52 56 61 69
157 149 147 138 124 110 96 81 63 66 80 94 106 108 106 106 111 117 122 126 130 135 139 141 139 135 131 126 122 116 113 110 105 103 98 96 98 99 104 108 111 110 104 101 96 88 81 73 67 63 71 72 72 74 78 80 80 78 75 71 64 58 47 44 52 55 51 43 37 37 34 35 36 37 37 36 41 47 54 65 68 73 72 71 69 63 61 56 50 46 48 52 55 60 66
157 149 139 130 119 106 96 83 65 68 80 93 101 101 101 104 112 115 120 124 130 134 139 141 139 133 130 124 119 117 115 111 107 101 95 92 89 89 92 96 100 102 99 96 91 84 75 68 68 72 74 74 74 75 77 77 77 74 67 62 55 46 41 44 49 55 56 52 46 41 37 37 37 37 35 36 37 37 46 54 60 66 64 64 62 57 55 52 48 46 47 51 55 61 67
151 141 131 121 111 97 91 81 65 68 81 90 96 94 94 99 106 111 116 120 126 132 139 142 140 134 131 126 121 119 117 112 109 103 98 95 89 86 85 86 88 91 90 85 81 77 67 68 73 75 76 75 74 73 73 73 71 66 59 53 48 41 41 44 47 52 56 57 54 48 43 39 38 37 36 36 35 34 38 43 46 53 54 53 52 50 47 45 43 43 44 49 51 55 61
141 129 121 112 101 87 81 74 62 61 73 83 85 84 89 94 101 107 112 118 123 132 139 142 139 137 133 129 125 121 119 115 112 108 104 100 94 88 86 82 80 79 76 74 76 77 73 73 76 77 76 74 72 69 69 67 64 57 52 49 46 43 42 45 47 51 56 59 59 56 50 44 41 41 38 37 37 36 35 36 37 42 43 44 43 43 40 40 39 40 41 43 45 49 53
129 118 111 106 94 81 75 71 65 61 64 72 78 83 89 95 102 108 112 119 126 134 139 146 143 141 139 136 133 127 123 120 117 113 108 103 98 90 86 86 83 82 79 77 75 76 76 76 77 79 76 72 68 63 60 58 57 52 49 47 46 45 44 46 50 53 57 59 61 62 57 51 48 45 43 41 40 38 36 35 35 36 35 38 38 38 37 37 38 38 39 39 41 44 47
120 112 103 101 95 80 78 75 69 63 64 68 75 84 91 100 107 114 120 125 133 141 145 151 149 150 149 147 144 137 130 126 123 117 111 104 96 88 87 88 86 84 84 81 76 74 74 75 76 78 72 64 60 58 56 55 53 49 47 46 46 47 47 50 56 56 62 63 64 63 60 56 52 48 47 45 42 40 39 38 36 38 38 34 36 37 36 36 37 38 38 37 39 41 43
113 106 100 100 100 93 88 83 75 69 67 68 74 82 90 100 107 115 123 129 137 147 153 158 159 158 158 157 155 147 138 133 127 120 113 105 97 92 92 90 87 87 88 82 76 73 73 71 69 68 65 60 57 56 54 55 51 49 47 46 46 49 50 59 63 63 67 69 68 66 63 58 54 51 51 49 46 43 43 40 39 38 39 39 38 37 36 36 37 38 37 38 39 39 40
118 114 112 114 121 120 113 103 93 83 74 70 68 77 87 96 104 114 124 134 141 153 161 165 167 165 165 165 162 153 143 135 129 122 114 106 101 99 98 94 90 92 93 86 79 74 73 73 66 65 64 62 60 60 58 57 54 51 49 48 49 53 62 69 72 73 73 75 74 72 67 62 56 53 53 51 53 52 50 46 44 43 48 49 47 44 39 37 37 37 38 36 37 38 38
129 124 126 134 145 149 142 133 124 109 88 77 73 74 82 94 103 112 124 135 144 154 164 168 169 171 174 172 166 158 146 136 128 124 117 109 106 107 105 102 99 99 96 91 82 76 74 72 67 67 68 69 67 68 65 64 65 59 55 55 63 70 74 78 82 83 82 84 82 79 76 71 61 57 63 67 67 65 64 62 59 59 67 66 63 61 50 41 35 35 36 35 37 37 38
140 134 138 149 161 163 155 150 141 126 110 93 80 76 80 89 100 110 122 132 142 152 160 167 170 175 179 177 171 163 152 142 133 129 122 116 111 115 115 111 109 101 97 94 88 82 75 72 70 73 75 77 76 74 73 73 71 65 61 64 76 82 85 89 92 94 94 94 91 88 88 80 70 63 69 77 78 77 76 78 78 82 90 88 81 77 68 53 42 37 34 34 36 36 38
148 145 145 151 158 162 156 147 142 130 115 99 91 84 80 83 95 108 118 127 136 147 156 164 169 176 181 181 175 168 162 155 144 136 130 127 131 132 129 123 118 106 100 96 91 85 76 74 75 78 78 83 82 79 76 74 71 65 66 75 86 91 95 99 103 105 105 105 103 100 97 90 82 74 73 82 87 87 87 91 95 99 105 106 100 88 76 66 60 56 51 47 42 39 39
150 151 149 150 154 156 152 145 139 130 117 109 108 96 82 80 88 101 111 120 130 141 151 160 166 174 180 180 177 174 172 172 161 155 153 148 150 147 140 131 121 111 104 98 91 84 74 79 81 82 86 88 87 85 81 76 71 67 73 84 91 96 102 107 112 113 112 113 110 106 102 96 90 83 77 82 92 96 100 105 107 109 111 111 106 97 88 79 77 79 81 74 63 52 44
155 153 153 153 154 154 151 145 138 130 123 127 130 116 93 86 90 98 108 117 125 135 146 154 161 169 176 178 179 179 181 180 175 173 171 168 163 157 148 136 122 114 106 100 93 86 80 84 88 90 93 95 93 90 87 81 73 71 80 88 97 101 107 114 117 117 117 117 115 110 104 98 93 89 85 78 87 97 101 105 110 112 115 115 113 107 103 93 90 96 107 105 102 101 91
162 162 162 163 163 159 155 149 139 133 129 135 144 131 108 91 93 101 109 118 124 131 141 149 157 163 172 179 182 185 188 188 186 185 184 181 173 164 153 139 124 114 106 100 92 86 85 90 95 98 100 102 100 96 93 87 79 75 83 89 98 104 109 116 118 119 119 119 118 112 104 100 96 90 84 78 83 93 99 106 112 115 119 119 121 118 116 109 105 115 124 131 132 133 129
170 169 171 173 174 169 162 153 143 143 146 155 155 144 123 100 95 103 111 122 125 130 139 146 153 163 169 177 184 189 191 193 193 192 192 188 180 171 159 146 129 115 106 99 92 88 89 97 102 105 107 108 106 105 99 92 80 73 79 87 95 102 108 115 117 120 120 119 117 113 107 102 97 89 87 82 84 93 101 108 113 119 123 125 128 128 127 123 122 128 136 146 151 153 153
179 175 177 178 177 173 166 159 153 153 159 161 155 146 132 108 97 101 112 123 128 132 140 146 153 161 167 176 184 190 194 196 196 195 194 189 183 174 162 147 131 118 106 98 94 97 98 104 109 113 112 113 112 111 104 93 81 72 77 86 95 102 106 113 116 120 120 121 120 114 109 104 101 95 90 84 86 94 105 110 115 121 127 128 134 135 137 136 136 139 146 155 162 164 166
193 188 185 183 179 174 168 164 160 159 163 160 152 143 134 114 100 98 105 116 123 131 140 148 155 162 168 176 183 190 196 198 197 195 193 187 181 173 161 147 132 119 107 98 102 111 110 110 114 117 116 117 117 112 102 90 79 73 78 88 98 102 106 112 116 118 119 120 120 115 112 108 105 102 95 85 87 94 105 112 116 122 130 133 140 142 145 146 147 149 153 159 166 169 172
206 204 201 194 182 175 170 167 164 163 162 160 155 144 138 125 107 100 107 118 123 131 139 148 156 162 168 176 183 187 192 194 194 192 189 183 179 172 160 147 134 121 111 102 116 123 119 119 120 122 121 120 117 112 101 89 80 77 81 87 94 99 105 110 116 120 121 120 122 118 115 112 111 110 101 88 90 96 106 113 120 126 132 137 143 147 150 153 153 156 157 162 165 170 173
