trunk/MNT_LB3.txt
ncols         339
nrows         235
xllcorner     119850
yllcorner     2.3541e+06
cellsize      75
NODATA_value  -9999
[rows 0 to 41 of 235, columns 95 to 189 of 339]
149 147 142 137 131 125 122 119 115 110 106 101 98 94 89 85 83 79 71 61 57 57 60 63 64 69 76 81 82 82 85 85 84 83 78 73 71 68 66 62 59 53 51 51 49 49 50 52 52 51 51 51 51 51 53 55 59 67 75 82 85 87 87 88 89 92 93 98 102 104 104 103 101 96 89 84 80 76 71 64 73 77 76 71 63 61 66 72 77 80 82 84 83 80 75
154 149 143 140 134 128 124 119 117 113 108 102 100 97 91 84 79 71 64 58 58 59 61 64 67 69 74 79 83 85 88 88 87 86 81 76 74 71 69 65 61 54 52 54 52 53 53 54 56 54 54 55 55 54 54 56 62 68 76 83 86 88 89 89 91 95 98 102 105 106 105 104 102 95 88 81 74 69 66 70 79 80 78 75 66 63 67 71 74 78 82 84 83 81 79
156 150 145 140 134 128 123 117 114 111 108 106 102 99 95 84 72 64 60 60 64 63 61 64 68 70 75 80 83 87 92 91 92 90 85 81 79 76 72 67 64 59 57 56 55 56 57 57 60 60 59 60 60 57 58 59 63 68 71 78 83 85 88 90 93 98 101 103 106 108 107 104 99 92 85 77 70 67 66 72 80 82 80 75 69 66 70 71 74 76 80 83 85 84 84
156 150 145 137 132 124 120 114 109 107 106 104 102 100 95 83 66 61 62 64 71 69 67 68 67 74 79 83 85 89 94 95 96 95 91 90 88 84 79 72 66 62 59 59 58 60 61 61 64 66 66 66 65 64 65 65 66 69 71 76 81 83 88 92 96 100 103 104 107 108 105 100 97 91 82 74 71 72 70 72 80 83 81 76 73 72 74 75 77 77 80 83 86 86 88
155 150 144 134 129 122 118 110 103 102 100 98 97 96 90 79 64 62 68 72 75 74 70 69 72 78 83 88 90 93 96 99 100 100 100 97 93 88 82 76 70 66 63 63 62 64 65 65 68 69 71 74 71 72 71 71 71 73 75 77 80 83 91 96 99 102 105 107 108 108 103 99 95 88 80 73 75 80 77 73 78 85 83 80 78 77 77 79 79 79 81 84 85 87 89
153 150 143 132 126 120 114 105 98 94 92 89 88 89 79 68 62 69 75 78 81 79 74 73 78 84 88 92 98 98 102 107 105 105 105 102 98 91 85 78 73 70 67 68 67 69 70 70 72 73 75 77 78 79 79 77 77 79 80 80 82 86 91 98 101 104 107 108 109 107 102 97 92 85 77 72 77 82 82 76 78 84 85 82 81 80 81 83 82 82 82 85 86 88 87
151 147 139 130 124 118 111 102 94 87 82 79 77 76 68 67 73 79 82 83 85 83 78 77 82 89 94 97 104 103 106 109 109 109 107 105 100 94 87 81 76 74 71 72 74 74 75 76 77 80 82 81 85 86 87 84 85 87 87 85 84 87 91 100 104 108 110 110 110 106 100 94 89 84 77 75 77 83 81 76 78 84 86 84 82 83 83 85 85 85 84 86 88 89 88
147 143 134 127 121 116 110 102 90 84 79 74 73 73 70 77 87 90 92 91 89 87 82 80 83 90 98 102 107 109 111 112 112 113 109 107 101 95 89 86 79 77 76 76 78 79 80 82 82 85 87 87 91 93 95 95 95 96 96 94 89 90 96 104 108 110 112 111 109 104 96 91 86 82 78 77 81 84 82 75 77 83 85 84 83 84 84 86 85 86 86 88 90 90 90
143 139 131 123 118 113 107 101 88 81 78 72 73 73 76 88 98 102 103 101 94 89 86 82 84 91 99 106 110 113 115 114 116 116 112 109 101 94 89 87 83 82 82 81 82 84 85 87 88 89 91 95 97 99 101 102 102 104 105 102 96 96 101 109 112 112 114 112 107 102 96 91 88 84 80 80 84 84 82 75 77 82 82 83 85 85 86 88 88 88 88 89 91 92 90
140 137 130 121 115 111 103 98 87 80 76 72 73 75 81 96 105 109 109 109 102 94 90 86 86 91 101 108 112 115 116 117 120 119 114 109 103 100 98 96 90 90 90 88 87 90 92 93 94 96 99 101 102 105 110 113 112 114 114 111 104 102 106 113 115 116 116 113 109 102 97 93 90 87 84 84 86 84 81 77 78 80 79 80 83 84 86 89 89 90 89 91 91 92 86
138 135 127 119 113 109 103 96 87 79 74 72 73 76 83 100 112 112 114 114 112 104 97 92 90 93 102 108 114 117 120 121 124 123 117 110 108 107 106 104 100 99 102 100 96 98 101 103 101 103 106 109 113 115 120 123 122 125 125 121 115 111 115 119 120 118 117 115 110 104 99 96 92 90 88 88 86 81 79 77 78 80 79 79 82 84 86 89 90 91 91 92 90 88 84
141 137 128 117 110 106 103 96 87 78 74 73 73 74 80 96 112 115 116 117 116 110 104 99 96 96 101 107 112 116 120 123 125 123 119 116 118 119 117 114 110 110 118 123 117 112 114 118 115 116 117 119 125 129 131 134 136 137 137 133 127 123 126 127 126 123 118 116 112 107 103 99 96 93 91 90 85 80 80 78 80 82 80 80 82 84 87 89 90 91 92 92 90 85 81
143 143 131 114 105 102 100 95 86 76 75 72 72 74 78 90 106 113 116 118 117 114 110 104 100 102 105 107 111 117 120 123 125 126 124 125 131 134 134 129 121 120 128 136 137 135 134 134 133 134 131 131 138 145 147 151 152 150 148 146 139 136 140 139 133 128 122 119 118 111 109 104 100 97 96 93 87 82 80 80 84 85 83 83 83 85 87 88 90 92 92 90 88 85 79
143 146 132 112 101 97 92 89 83 76 76 74 72 77 80 89 100 108 114 116 117 117 113 108 104 106 109 111 116 119 122 125 128 130 132 137 143 149 152 150 143 136 137 145 150 152 151 149 150 150 145 144 154 161 166 168 166 163 160 157 151 148 150 148 140 134 129 124 123 118 114 112 105 102 102 96 89 85 82 84 88 89 87 86 86 87 88 90 89 92 92 90 88 85 81
137 140 130 108 97 92 91 88 83 80 77 74 76 84 89 95 99 105 112 114 119 119 116 114 111 112 117 120 124 125 128 130 133 136 140 146 152 158 162 163 159 151 148 154 159 163 163 159 160 158 159 162 167 172 176 178 178 173 172 167 163 158 157 154 147 140 136 131 126 121 120 117 110 107 105 99 93 90 86 89 93 93 91 90 89 88 89 91 90 92 91 90 90 87 84
126 127 121 106 94 93 94 93 92 81 78 78 85 94 101 105 107 107 114 116 121 122 121 121 119 120 126 131 135 134 136 137 140 146 149 155 160 163 167 169 168 163 160 162 166 170 170 167 167 165 168 171 175 179 182 183 185 180 179 176 172 167 166 163 158 151 143 137 132 128 126 123 116 112 108 104 97 94 90 92 94 95 95 94 94 93 93 94 93 93 93 92 92 89 85
116 114 109 101 95 93 98 99 100 82 81 86 97 105 111 117 119 120 125 125 126 127 127 127 126 128 134 141 143 145 143 143 146 150 156 161 166 167 170 171 171 170 170 168 172 176 177 175 173 172 174 178 181 184 187 188 189 187 182 179 177 173 170 166 162 158 151 145 141 138 136 133 126 119 113 109 102 96 91 90 92 95 97 97 98 97 98 96 97 98 97 97 95 95 88
108 108 105 102 99 97 102 103 100 85 86 95 108 119 126 128 128 131 134 133 132 132 132 133 135 138 142 148 153 152 149 150 152 156 163 166 170 171 173 174 173 172 175 174 179 181 182 181 180 179 182 185 188 190 193 195 194 192 187 182 182 178 173 171 167 163 158 154 150 150 147 147 145 138 126 117 107 103 94 91 94 97 100 101 99 98 99 98 100 101 103 102 100 96 91
108 108 108 109 107 105 108 107 100 86 87 92 105 120 130 132 135 139 141 140 139 138 137 137 141 145 150 154 158 158 157 157 158 162 167 169 172 176 176 177 179 177 180 180 184 188 188 190 190 190 193 195 199 202 205 206 208 199 192 188 186 182 178 175 172 167 163 160 157 158 158 159 163 158 148 137 129 117 102 99 102 102 105 106 103 100 101 101 103 105 107 106 103 101 103
113 113 114 120 119 115 113 109 103 91 88 91 102 117 127 133 139 143 145 145 145 144 144 144 147 150 157 159 162 164 165 165 164 168 171 174 177 179 180 182 183 184 188 189 191 196 196 200 203 205 207 210 216 216 218 219 221 212 201 194 189 187 183 180 176 171 168 166 162 165 165 166 169 168 163 151 145 130 110 110 116 110 112 113 111 110 110 109 109 110 114 115 113 112 120
119 121 122 129 126 122 118 115 107 96 90 92 102 115 123 132 140 142 148 148 147 147 149 151 152 155 161 163 165 168 171 172 171 175 180 183 184 188 188 188 188 192 196 198 201 203 206 210 211 216 219 222 231 233 234 234 236 225 211 200 195 191 187 183 178 175 172 170 169 171 171 173 172 172 170 158 149 135 116 110 116 115 117 119 120 120 118 117 115 117 121 127 129 130 128
129 132 134 137 136 134 130 124 115 103 92 93 104 117 125 134 137 143 148 149 152 152 154 156 157 160 163 166 169 171 175 179 184 190 192 195 198 201 203 201 200 202 204 207 209 214 215 216 219 223 226 232 239 244 247 249 249 237 221 210 204 197 192 189 185 181 178 176 178 180 179 180 176 174 172 165 158 145 126 112 117 121 122 125 127 128 126 124 121 124 127 133 136 137 138
140 144 148 152 152 148 143 136 129 114 98 95 109 127 134 138 141 145 148 151 155 156 157 160 163 166 167 171 176 178 181 185 193 201 204 208 211 216 219 218 219 218 214 214 215 216 219 222 227 229 232 239 243 250 257 261 260 250 234 222 212 205 202 198 194 190 185 183 186 189 186 187 183 180 178 171 163 151 135 115 119 126 128 132 135 136 133 132 131 127 132 142 142 143 143
151 155 160 165 166 160 153 149 147 132 115 104 110 129 140 141 144 148 150 153 156 159 159 162 168 170 174 178 185 185 187 193 200 207 213 218 220 224 226 224 221 220 217 218 218 219 223 226 230 233 237 241 247 256 262 262 261 258 248 234 222 213 209 206 204 200 195 193 192 192 192 193 193 188 181 176 170 157 142 121 123 132 137 142 147 150 145 139 135 133 139 146 146 149 151
161 165 166 169 169 167 162 158 156 147 137 118 111 127 146 146 148 152 154 156 159 162 164 168 172 178 184 188 191 192 194 200 205 209 216 219 220 222 224 222 221 220 218 219 219 221 224 227 229 234 237 240 249 259 258 257 259 261 257 244 234 224 219 215 213 212 211 210 210 204 203 202 202 199 193 188 181 166 148 128 127 140 145 155 159 156 151 146 144 142 145 149 152 156 159
166 170 169 170 169 167 164 162 161 157 150 128 110 125 151 154 154 156 159 166 171 172 173 178 183 191 197 197 195 198 201 205 209 212 216 218 218 219 219 217 218 217 216 217 217 219 221 223 227 231 233 239 245 252 252 251 254 258 260 255 246 238 232 225 220 218 216 216 219 217 217 215 212 209 206 201 193 178 153 133 130 144 151 159 164 161 158 154 154 152 151 154 157 160 162
167 171 172 170 168 166 163 161 159 158 151 128 109 127 152 164 167 173 176 179 183 186 190 194 198 202 204 201 198 200 203 206 208 210 211 214 214 215 213 211 213 212 212 212 211 211 215 219 223 226 230 234 237 242 245 246 248 252 258 263 255 245 237 232 227 223 220 219 221 221 223 221 219 215 212 205 199 189 161 136 136 149 157 163 167 167 165 163 162 160 161 161 159 156 153
169 171 171 170 166 163 158 155 153 150 138 119 111 130 150 163 171 180 185 187 189 197 204 208 208 203 201 199 198 199 200 204 205 205 207 209 209 210 208 206 207 206 207 206 204 205 209 211 214 219 224 228 230 234 238 242 242 244 246 249 248 243 238 234 228 223 220 218 218 216 217 215 213 212 208 199 194 183 161 138 137 153 160 163 168 170 170 169 165 163 161 159 155 149 143
168 169 168 168 164 161 154 150 147 137 123 111 117 136 152 163 170 181 185 188 190 199 208 212 207 200 198 196 196 197 197 198 200 200 202 203 203 205 203 200 199 197 198 196 197 199 202 204 207 212 219 222 222 226 230 234 238 239 238 238 239 236 234 231 225 219 217 214 212 208 208 206 204 200 195 188 182 174 157 138 134 150 157 161 168 172 172 169 164 159 155 153 150 141 134
165 165 165 164 163 160 152 146 140 129 116 107 120 137 152 162 167 176 180 185 187 192 197 196 195 193 192 191 192 193 192 191 192 193 196 195 195 194 193 193 190 189 189 187 188 189 194 198 200 205 212 214 215 221 224 227 230 228 228 227 228 227 226 224 220 214 212 209 206 205 200 200 197 192 187 179 170 163 151 137 130 140 151 159 167 171 171 166 161 152 148 145 143 134 127
161 161 163 162 161 159 154 147 139 126 114 107 118 131 146 157 162 168 172 180 184 186 187 188 186 186 185 184 185 185 186 183 183 185 185 184 185 185 186 186 184 182 182 181 180 180 186 191 193 196 199 202 205 209 214 218 217 216 217 216 218 218 217 216 213 211 207 202 198 196 193 192 188 183 180 171 161 152 144 136 132 139 150 158 166 171 170 163 157 146 143 140 136 130 122
156 158 158 159 160 160 156 149 138 125 115 110 113 122 133 144 152 161 166 172 175 177 178 179 178 178 178 175 176 175 175 175 176 176 176 175 177 177 177 178 179 177 177 177 175 176 181 186 187 189 190 193 195 198 202 206 205 205 208 207 207 209 211 210 209 206 200 196 192 189 186 184 179 175 172 164 157 150 143 135 134 140 150 158 167 172 169 161 153 145 141 139 134 127 122
152 156 156 158 160 161 158 150 138 127 118 114 109 109 120 132 143 152 158 163 166 168 169 170 170 170 171 170 169 167 168 169 169 168 168 168 169 169 169 171 173 173 172 170 170 173 178 182 182 182 183 185 187 190 190 193 195 197 198 200 203 204 203 204 204 200 194 190 186 184 180 176 172 167 164 157 153 148 141 137 137 142 151 160 166 171 169 161 151 148 144 139 138 131 131
148 152 154 156 160 161 158 151 141 130 126 128 123 114 114 126 137 144 150 154 158 160 161 162 162 162 162 163 162 162 162 162 162 163 162 162 161 162 163 166 166 165 165 163 163 168 172 175 176 175 177 178 181 183 182 186 188 189 193 195 196 197 197 199 199 195 190 185 181 180 176 170 165 161 156 152 149 145 140 139 140 144 152 160 164 168 169 165 162 157 151 146 145 138 139
144 147 151 155 158 159 157 151 146 137 136 135 131 122 113 121 131 139 143 146 150 153 155 157 156 156 157 157 156 157 157 157 157 158 157 157 156 156 157 159 159 159 159 157 158 163 166 167 169 169 172 173 175 177 176 179 182 184 188 188 189 191 192 194 194 192 188 182 179 175 170 166 161 159 154 150 147 144 141 139 141 143 151 154 159 166 170 169 170 168 165 159 155 147 147
141 144 149 154 156 156 154 150 147 141 139 137 133 127 115 116 126 135 141 141 145 149 149 151 151 151 153 152 151 152 151 151 152 152 151 151 151 152 152 153 154 153 155 153 154 158 159 161 160 163 167 167 169 170 171 173 176 179 182 182 184 185 187 190 190 189 187 181 177 172 167 165 162 162 157 153 147 146 144 140 140 143 150 152 156 163 169 173 176 179 180 173 167 160 154
138 139 144 149 150 151 149 147 144 140 137 133 129 126 117 114 124 129 134 137 142 145 145 146 146 147 149 147 146 146 146 147 147 145 145 145 144 145 147 147 148 148 153 149 149 151 152 153 155 157 161 163 164 165 166 168 171 174 176 178 180 180 183 186 188 189 186 183 177 171 166 166 166 166 162 158 152 150 148 145 142 147 152 156 161 166 170 175 180 185 190 186 179 169 162
134 137 141 144 145 145 144 141 139 136 131 125 121 119 113 114 119 122 129 134 139 141 141 142 142 143 147 143 143 143 141 141 140 139 139 138 138 139 142 142 143 144 151 147 147 147 149 149 150 152 155 157 159 161 162 164 167 170 170 174 175 177 180 184 186 189 188 184 179 172 168 167 170 171 168 163 159 157 153 149 144 148 157 163 167 171 173 178 183 186 190 189 187 177 168
132 133 136 139 140 140 139 135 133 130 124 119 117 113 111 113 116 118 126 131 134 137 137 139 139 138 138 138 137 138 137 135 135 134 134 133 134 136 137 137 138 137 140 140 142 146 148 147 148 150 152 152 155 157 159 160 162 164 167 168 171 175 178 182 185 189 190 186 181 174 175 175 177 177 171 166 164 158 152 149 148 153 164 170 170 172 178 182 184 188 192 195 195 186 175
129 129 132 135 135 134 132 132 129 125 120 117 115 112 110 113 115 116 123 128 130 133 132 134 135 133 134 133 131 132 132 130 131 131 130 130 130 132 135 135 137 139 138 138 139 143 144 145 146 148 152 153 154 156 157 164 163 162 164 166 169 173 177 181 184 189 191 189 184 178 180 183 183 180 175 167 162 156 153 152 155 160 172 178 178 176 179 183 186 191 195 199 201 196 186
125 126 129 130 131 131 130 129 125 121 118 115 112 111 110 113 113 116 121 126 129 129 129 130 131 130 129 129 128 127 128 127 128 128 127 128 129 131 133 133 136 137 137 137 138 137 139 141 143 145 148 150 152 155 155 159 159 161 164 167 169 172 176 180 186 191 194 193 188 182 184 187 189 184 177 167 159 157 159 162 159 164 172 178 181 180 183 186 189 193 198 202 205 207 202
121 122 126 127 126 127 126 125 122 119 117 113 111 110 111 112 111 114 120 124 125 124 125 126 126 126 124 126 124 124 125 123 126 126 125 126 127 129 131 132 135 136 136 136 136 134 136 138 139 141 145 148 151 152 153 155 157 161 166 169 172 175 177 182 188 192 199 199 194 188 188 190 191 185 176 165 159 165 165 162 161 165 170 176 181 184 186 189 193 196 203 208 210 214 212
